Processing Time Record (Average Time for processing one sampling point: 1.8 ms)
The simulation is run on 12th Gen Intel(R) Core(TM) i9-12900H.

1st
[ 2  2  4  7  1  7 10  5  1  3]
2 0.4444444444444444
2 0.24315969648216781
4 0.2618995044603062
7 0.27205434670552253
1 0.23530340413583653
7 0.24718157439452876
10 0.20944411848184877
5 0.16954980657884974
1 0.18451926011218073
3 0.18644512545146102
The processing time：0.0163424015045166 seconds

2rd
[3 4 3 4 4 8 9 3 7 9]
3 0.4444444444444444
4 0.263323273265696
3 0.27264738474800193
4 0.29505423905409106
4 0.3090197603221119
8 0.3264348143299471
9 0.3108173870723709
3 0.2992742629589289
7 0.3107293620412302
9 0.29832318501407457
The processing time：0.020114898681640625 seconds

3rd
[2 4 5 6 6 9 2 1 1 9]
2 0.4444444444444444
4 0.24538971018346936
5 0.2594133718233577
6 0.274176236500281
6 0.23551285266553512
9 0.19346174411586226
2 0.16056912889105543
1 0.1619064868143803
1 0.1632989974735955
9 0.16623169646721353
The processing time：0.015374898910522461 seconds

4th
[ 1  2  4  6  7  1  1 10  4  7]
1 0.4444444444444444
2 0.24687548129955927
4 0.2573051954306882
6 0.27318887785519014
7 0.23456356143068366
1 0.19140924660154232
1 0.19916400165831974
10 0.2004113805023722
4 0.16289234808585856
7 0.17441436791443032
The processing time：0.015109539031982422 seconds

5th
[ 9  6 10  5  4  4  4  4  6  2]
9 0.4444444444444444
6 0.22834460547523971
10 0.19190275401153525
5 0.15814131313095883
4 0.1726930532230446
4 0.18551789820734507
4 0.19685706236852246
4 0.2116521974029684
6 0.22537619059597608
2 0.18346320641493888
The processing time：0.015015125274658203 seconds

6th
[6 5 9 5 6 2 7 9 7 6]
6 0.4444444444444444
5 0.2327283338203407
9 0.24292384909703654
5 0.2087287019759512
6 0.2175094730834149
2 0.18279331285423553
7 0.1825068991279517
9 0.14993368872492238
7 0.12370576315513422
6 0.09777760586108666
The processing time：0.024728059768676758 seconds

7th
[10  5  2  1  3  7  5  8  8  8]
10 0.4444444444444444
5 0.23479591614784245
2 0.24257448643706453
1 0.2596588572783932
3 0.27780456560932987
7 0.29314468977559693
5 0.24928853083591113
8 0.2640776003630186
8 0.22133144154608062
8 0.18261318662946532
The processing time：0.018079280853271484 seconds

8th
[10  1  6  2  5  2  2  4  7  6]
10 0.4444444444444444
1 0.22863711649521465
6 0.24813431962719984
2 0.20677651302189967
5 0.21910828123031134
2 0.230809680557031
2 0.246166866546647
4 0.26018409692211597
7 0.2806404014511559
6 0.2401361857926889
The processing time：0.014970541000366211 seconds

9th
[ 5  2 10  2 10  7 10 10  1  2]
5 0.4444444444444444
2 0.25835562698370285
10 0.2755409152618384
2 0.23256766293373576
10 0.24659520248980188
7 0.2073717240856173
10 0.16973604106126816
10 0.13975727292212153
1 0.11299810444375843
2 0.11210670480587392
The processing time：0.024296283721923828 seconds

10th
[3 4 3 4 4 8 9 3 7 9]
3 0.4444444444444444
4 0.263323273265696
3 0.27264738474800193
4 0.29505423905409106
4 0.3090197603221119
8 0.3264348143299471
9 0.3108173870723709
3 0.2992742629589289
7 0.3107293620412302
9 0.29832318501407457
The processing time：0.020114898681640625 seconds